-0.1228458547424057
-0.06295970703966983
-0.01481024619808323
-0.05708928698053752
-0.0753848086471611
-0.05463422049066758
-0.04729865401188688
-0.08734485930018249
-0.07081371737534829
-0.1008150590435401
-0.0801124183865769
-0.06935128210645661
-0.07280471242522039
-0.07080865966795308
-0.07406099431387496
-0.0915967051835825
-0.01880811506790476
-0.09286474985555687
-0.07703672543288589
-0.05429359421507456
-0.05157280188632818
-0.07819242358746562
-0.02127400040817357
-0.05719013808484555
-0.05738536839538878
-0.06267742604513614
-0.06744211205942079
-0.06997913016346348
-0.07569386541822101
-0.07195005373032055
-0.06256976232785169
-0.04833353630751368
-0.05531187935690938
-0.09133632380237451
-0.06563276958443265
-0.05860016820254432
-0.05674017479858202
-0.1210537413564785
0.01040597524073989
-0.04540104684265515
-0.06840604777007103
-0.07449408551401858
-0.04861421974477223
-0.0812547990240288
-0.0269977247571897
-0.1152609761352282
-0.01034749707678054
-0.06590346562529968
-0.07285355374592044
-0.07072331019190246
-0.05878063169865956
-0.0680940841290736
-0.06601617670789994
-0.07072524740397675
-0.1033398282739178
-0.1172858770677785
-0.02760672450702938
-0.05905635452305553
-0.06759151212338434
-0.07032983691815445
-0.08321642772299183
-0.07983991394073502
-0.0802867147922907
-0.07232619444700954
-0.06819418995488201
-0.06832880606538536
-0.07471609701139212
-0.08122456410903871
-0.07600116027150636
-0.06729775061328915
-0.08345420145162012
-0.06831350018705104
-0.07355846662742149
-0.07595805820799835
-0.05448558055483946
-0.06891545913966161
-0.05265084108844289
-0.07510297022261454
-0.08421540731993134
-0.03604095393399837
-0.09083780945463638
-0.0756650759418762
-0.04871413427672546
-0.06447067983185222
-0.03789290688636914
-0.07805147966533092
-0.05098743519779219
-0.08960596314061707
-0.08627430626685342
-0.06093681968515695
-0.06782263972918114
-0.09035173113071965
-0.08449829582930167
-0.02389456936536877
-0.06365383372473377
-0.07932208033058005
-0.07183830204246518
-0.08723108522927918
-0.03773370111482619
-0.08048597841583496
-0.05701303612068261
-0.0836338305445988
-0.06873040392457096
-0.03326777281942492
-0.03232916884363375
-0.1409005623318295
-0.09248718167420955
-0.09469028796938746
-0.05069653258463194
-0.07751775049185147
-0.04926630656879626
-0.01643255489441963
-0.1170848674813063
-0.03020839090303927
-0.08778985838695853
-0.06648026320026858
-0.06670773140622448
-0.05233720230148385
-0.04747990039782503
-0.05861272100160187
-0.1167600781962506
-0.0598966717686296
-0.05760533782538695
-0.07957375893882987
-0.03576021635416838
-0.05409782800171134
-0.06772643452826037
-0.07849192442831501
-0.01336424402502249
-0.05413062604989436
-0.0750723832848281
-0.08507248321722226
-0.07560238878551587
-0.08753149185061616
-0.08128666928396794
-0.08035774551509144
-0.07327300436955458
-0.07472366417753912
-0.04835747218652409
-0.04986823136897006
-0.1069480079998194
-0.01868940756424648
-0.1002994189423702
-0.0747140229280155
-0.08783700640346197
-0.0411601948148915
-0.01514401643256378
-0.01479724376967901
-0.03854684174975229
-0.1013501399213691
-0.1064848870018683
-0.05330673902382691
-0.0319362261491184
-0.01821294565967148
-0.04517707440721126
-0.02469658453774625
-0.05409343740637557
-0.1201384374555445
-0.05318778676686679
-0.1529611802212519
-0.1481504656251528
