0.04025
0
0.08855999999999928
0.01449000000000012
0.005439999999999889
0.01035000000000017
0.007780000000000106
0.01999
0.007540000000000036
0.03258000000000019
0.01556000000000033
0
0.03182000000000061
0.007400000000000033
0
0.007050000000000181
0
0.03026999999999906
0.002090000000000147
0
0.02259999999999991
0
0.01466999999999992
0.02395999999999986
0.04410000000000082
0
0.0147300000000004
0.04026000000000016
0
0
0.003610000000000033
0.04270000000000018
0
0.0007099999999999884
0
0
0
0.02255999999999983
0.004259999999999799
0.08980000000000028
0.006040000000000136
0.03643000000000006
0.006359999999999921
0.009529999999999999
0.02103999999999985
0
0.005459999999999758
0.003070000000000128
0.02534999999999995
0.002600000000000158
0.01585999999999995
0.09595999999999985
0.009239999999999925
0.0007999999999998464
0.05488000000000025
0.02345999999999981
0.007830000000000096
0.03798999999999931
0.0605800000000002
0.004580000000000236
0.02541
0.0656699999999996
0
0.04080000000000033
0.02345999999999981
0.03678000000000004
0.01496
0.05524999999999964
0.009939999999999862
0.03273999999999973
0.02388999999999967
0.03963999999999998
0.07400000000000023
0.0707300000000002
0.04222000000000001
0
0.05987000000000022
0.04556000000000005
0.004350000000000102
0.03835999999999992
0.02978999999999994
0.02789999999999991
0.08059000000000011
0.08174000000000038
0.01714000000000011
0.02928999999999933
0.01435000000000004
0.02333999999999965
0.02193000000000005
0.02437999999999985
0.02268000000000017
0.06437000000000004
0.00711000000000004
0.02982000000000028
0.02148999999999975
0.01413999999999965
0.002390000000000049
0.05592999999999977
0.005529999999999839
0.0152600000000001
0.06079999999999992
0.02788000000000032
0.06634999999999983
0.02479999999999999
0.06154999999999978
0.05744000000000003
0.0180299999999999
0.03470000000000038
0.05899999999999986
0.07055000000000043
0.06455000000000045
0.03584000000000002
0.04449999999999968
0.04998000000000009
0.06471999999999996
0.04236999999999989
0.06558999999999979
0.0119500000000002
0.07748999999999952
0.01328000000000014
0.03541000000000004
0.04169000000000054
0.01171999999999956
0.05047000000000002
0.01654000000000007
0.04297999999999998
0.01347999999999954
0.01272000000000009
0.01171000000000011
0.01847000000000015
0.04703000000000059
0.02549999999999995
0.02134999999999985
0.00546000000000002
0.03454000000000024
0.03875999999999991
0.08203999999999989
0.07278000000000053
0.09263999999999932
0.05254999999999924
0.03071999999999979
0.02678000000000057
0.05510000000000112
0.009459999999999892
0.03380999999999914
0.06387999999999935
0.02088000000000007
0.03413999999999984
0.07322000000000045
0.03357999999999989
0.09727999999999994
0.0139999999999996
0.02486999999999969
0.01998000000000004
0.1023400000000002
0.04084999999999919
0.1135699999999997
0.03670999999999988
0.04785999999999997
0.0376500000000002
0.01780000000000013
