70
0
26
0
2
14
12
71
0
24
6
10
2
0
0
40
2
3
49
18
3
18
2
53
12
2
10
2
24
30
0
20
24
28
30
56
0
46
0
49
132
0
0
35
8
100
48
170
18
36
24
94
88
30
72
173
98
10
116
22
81
74
22
114
10
74
82
72
42
106
6
18
122
104
82
44
46
130
16
111
60
62
62
28
52
5
180
47
55
71
28
80
60
8
8
159
8
24
38
20
56
25
58
40
56
80
90
126
96
52
168
76
78
143
31
40
92
46
90
79
52
114
45
90
76
58
6
16
33
32
80
70
23
111
51
95
42
76
92
128
32
26
87
114
134
106
66
64
57
134
29
86
34
74
18
64
62
78
80
169
84
